"INFORMATION"
"20160107_Cell944_003.smr"
""
""
""
""
""

"SUMMARY"
"m1"	"Evt+"	"Freq"	0

"CHANNEL"	"m1"
"Evt+"
"No comment"
"Freq"

13.46568
13.56123
13.70532
13.73256
13.77078
13.83432
13.87215
13.90855
13.93747
13.97143
14.00683
14.04090
14.06473
14.08696
14.11121
14.14462
14.17811
14.21101
14.24343
14.27714
14.31129
14.33245
14.35828
14.37842
14.39943
14.42103
14.44916
14.48201
14.50920
14.52889
14.54967
14.57518
14.59460
14.61571
14.64201
14.66099
14.68241
14.70095
14.72085
14.74566
14.76633
14.78790
14.80684
14.82638
14.84438
14.86306
14.88094
14.89894
14.91463
14.93384
14.95411
14.97179
14.99148
15.00907
15.02656
15.04524
15.06247
15.08089
15.09701
15.11968
15.13748
15.15407
15.17208
15.19205
15.20916
15.22356
15.24254
15.25827
15.27485
15.29198
15.31434
15.33120
15.34805
15.36434
15.38081
15.39694
15.41309
15.43016
15.45226
15.47289
15.48769
15.50471
15.52501
15.53968
15.55635
15.57225
15.58680
15.61010
15.62502
15.64204
15.65761
15.67227
15.68831
15.70457
15.72054
15.73720
15.75907
15.77335
15.78784
15.81032
15.82437
15.83876
15.85498
15.86904
15.88437
15.90248
15.91527
15.93141
15.94557
15.96185
15.97936
15.99410
16.00834
16.02891
16.04035
16.05501
16.07154
16.08740
16.10093
16.11388
16.12849
16.14377
16.15822
16.17296
16.18737
16.20129
16.21541
16.22940
16.24415
16.25742
16.27194
16.28648
16.30300
16.31544
16.33015
16.34411
16.35873
16.37268
16.38574
16.40019
16.41386
16.42843
16.44120
16.45493
16.46896
16.48226
16.49643
16.50965
16.52419
16.53673
16.55112
16.56441
16.57826
16.59067
16.60367
16.61789
16.63172
16.64483
16.65772
16.67202
16.68471
16.69817
16.71246
16.72612
16.73937
16.75254
16.76671
16.78173
16.79382
16.80602
16.81961
16.83185
16.84642
16.85876
16.87124
16.88446
16.89661
16.90963
16.92293
16.93506
16.94742
16.96011
16.97429
16.98731
17.00135
17.01488
17.02709
17.03995
17.05430
17.06793
17.08066
17.09333
17.10649
17.11850
17.13183
17.14536
17.15807
17.17076
17.18274
17.19632
17.20866
17.22160
17.23434
17.24774
17.26109
17.27298
17.28661
17.29839
17.31345
17.32629
17.33891
17.35128
17.36306
17.37645
17.38782
17.40016
17.41215
17.42434
17.43498
17.44867
17.46047
17.47272
17.48446
17.49588
17.50817
17.52038
17.53248
17.54369
17.55725
17.56837
17.58032
17.59297
17.60524
17.61654
17.62833
17.64069
17.65420
17.66699
17.67857
17.69006
17.70173
17.71288
17.72552
17.73782
17.75047
17.76168
17.77454
17.78675
17.79822
17.81128
17.82444
17.83635
17.84879
17.86062
17.87234
17.88314
17.89606
17.90735
17.91830
17.93188
17.94194
17.95487
17.96663
17.97816
17.98967
18.00274
18.01432
18.02530
18.03810
18.04896
18.06042
18.07253
18.08277
18.09437
18.10699
18.11849
18.13105
18.14234
18.15454
18.16601
18.17721
18.18983
18.20099
18.21393
18.22574
18.23733
18.24937
18.26043
18.27233
18.28411
18.29637
18.30849
18.32082
18.33325
18.34529
18.35711
18.36876
18.38223
18.39436
18.40781
18.42088
18.43405
18.44671
18.45876
18.47181
18.48386
18.49680
18.51057
18.52149
18.53471
18.54600
18.55906
18.57087
18.58528
18.59654
18.60871
18.62047
18.63470
18.64874
18.66044
18.67775
18.68994
18.70385
18.71727
18.73129
18.74336
18.76230
18.77518
18.78780
18.80417
18.81585
18.83083
18.84455
18.85969
18.87251
18.88624
18.89938
18.91237
18.92815
18.94271
18.95602
18.97002
18.98281
18.99757
19.01051
19.02575
19.03727
19.05281
19.06612
19.07964
19.09643
19.11403
19.13049
19.14357
19.15764
19.17556
19.19322
19.20791
19.22267
19.24746
19.26193
19.27520
19.29023
19.30811
19.32381
19.34359
19.36099
19.37757
19.40028
19.41946
19.43508
19.45039
19.47137
19.48808
19.50728
19.52173
19.54157
19.55869
19.57765
19.60078
19.61692
19.63371
19.65060
19.67211
19.68865
19.71237
19.73479
19.75259
19.77224
19.79476
19.81793
19.83920
19.85785
19.87461
19.89209
19.90912
19.92655
19.95103
19.97528
19.99310
20.01755
20.04106
20.06328
20.08759
20.10933
20.12549
20.14654
20.16471
20.19063
20.21971
20.23965
20.26216
20.29223
20.31686
20.34562
20.36681
20.39803
20.42360
20.44475
20.47411
20.50121
20.52704
20.55377
20.58232
20.61579
20.64698
20.66526
20.68524
20.71977
20.74127
20.76873
20.79154
20.82166
20.84812
20.88228
20.91252
20.94558
20.97541
21.00559
21.03337
21.05546
21.08446
21.11197
21.14612
21.18887
21.23415
21.26547
21.29858
21.34483
21.38964
21.42428
21.47073
21.50350
21.54950
21.58221
21.64350
21.70611
21.86713
21.91769
21.96564

