"INFORMATION"
"20140403_Cell314_003.smr"
""
""
""
""
""

"SUMMARY"
"m1"	"Evt+"	"Freq"	0

"CHANNEL"	"m1"
"Evt+"
"No comment"
"Freq"

35.76679
35.91348
35.98487
36.02182
36.06900
36.10309
36.14195
36.15832
36.19131
36.22592
36.25453
36.27843
36.30760
36.33567
36.35249
36.37104
36.38630
36.41144
36.42797
36.44095
36.45926
36.47561
36.49210
36.50898
36.52653
36.54209
36.55841
36.57477
36.59118
36.60722
36.62278
36.63773
36.65345
36.66901
36.68316
36.69756
36.71304
36.72592
36.74024
36.75473
36.76697
36.78161
36.79478
36.80880
36.82515
36.83823
36.85235
36.86666
36.88171
36.89687
36.90991
36.92422
36.93681
36.95004
36.96448
36.97627
36.99057
37.00408
37.01872
37.03092
37.04494
37.05815
37.07107
37.08398
37.09749
37.10901
37.12265
37.13463
37.14765
37.16116
37.17363
37.18638
37.19936
37.21396
37.22768
37.24042
37.25395
37.26662
37.27926
37.29169
37.30421
37.31653
37.32925
37.34215
37.35442
37.36686
37.37949
37.39026
37.40314
37.41540
37.42816
37.44041
37.45206
37.46461
37.47689
37.48825
37.50109
37.51351
37.52608
37.53854
37.55079
37.56209
37.57405
37.58630
37.59908
37.61063
37.62196
37.63431
37.64689
37.65786
37.67095
37.68252
37.69400
37.70563
37.71748
37.72890
37.74024
37.75145
37.76313
37.77397
37.78584
37.79698
37.80847
37.81931
37.82992
37.84197
37.85329
37.86446
37.87568
37.88754
37.89917
37.91001
37.92214
37.93314
37.94407
37.95608
37.96776
37.97845
37.98996
38.00026
38.01176
38.02339
38.03440
38.04557
38.05727
38.06907
38.08031
38.09225
38.10308
38.11539
38.12654
38.13828
38.14889
38.16081
38.17168
38.18376
38.19491
38.20587
38.21788
38.22843
38.24006
38.25092
38.26183
38.27324
38.28393
38.29519
38.30608
38.31726
38.32811
38.33960
38.35013
38.36127
38.37245
38.38312
38.39385
38.40563
38.41616
38.42709
38.43882
38.44985
38.46143
38.47217
38.48329
38.49447
38.50561
38.51724
38.52780
38.53897
38.55020
38.56067
38.57294
38.58395
38.59527
38.60707
38.61820
38.62861
38.63960
38.65093
38.66181
38.67323
38.68376
38.69445
38.70485
38.71556
38.72597
38.73680
38.74775
38.75815
38.76823
38.77892
38.78868
38.80010
38.81069
38.82165
38.83161
38.84275
38.85281
38.86365
38.87327
38.88443
38.89475
38.90598
38.91661
38.92673
38.93683
38.94767
38.95894
38.96951
38.97973
38.99087
39.00096
39.01081
39.02185
39.03178
39.04229
39.05236
39.06320
39.07234
39.08272
39.09197
39.10272
39.11207
39.12281
39.13187
39.14231
39.15209
39.16217
39.17218
39.18194
39.19186
39.20235
39.21231
39.22298
39.23277
39.24339
39.25289
39.26339
39.27285
39.28343
39.29335
39.30394
39.31451
39.32394
39.33350
39.34422
39.35420
39.36416
39.37482
39.38463
39.39506
39.40494
39.41468
39.42492
39.43511
39.44470
39.45506
39.46543
39.47596
39.48590
39.49584
39.50645
39.51659
39.52633
39.53637
39.54517
39.55538
39.56511
39.57551
39.58516
39.59534
39.60555
39.61475
39.62440
39.63449
39.64437
39.65445
39.66450
39.67426
39.68401
39.69375
39.70312
39.71339
39.72286
39.73231
39.74188
39.75130
39.76143
39.77159
39.78134
39.79157
39.80133
39.81109
39.82119
39.83089
39.84097
39.84992
39.85971
39.86960
39.87931
39.88939
39.89883
39.90870
39.91892
39.92916
39.93937
39.94961
39.95970
39.96973
39.98011
39.98984
39.99934
40.01013
40.02003
40.03020
40.04049
40.05015
40.06080
40.07052
40.08020
40.09067
40.10024
40.11080
40.12057
40.13048
40.14048
40.15038
40.16123
40.17070
40.18171
40.19186
40.20297
40.21366
40.22357
40.23424
40.24475
40.25563
40.26599
40.27651
40.28704
40.29798
40.30798
40.31899
40.33047
40.34132
40.35244
40.36378
40.37403
40.38534
40.39599
40.40717
40.41784
40.42905
40.44022
40.45074
40.46251
40.47390
40.48551
40.49618
40.50764
40.51869
40.52973
40.54045
40.55189
40.56268
40.57430
40.58538
40.59656
40.60786
40.61897
40.62987
40.64131
40.65243
40.66416
40.67499
40.68679
40.69796
40.70978
40.72180
40.73312
40.74552
40.75646
40.76822
40.78018
40.79141
40.80204
40.81385
40.82519
40.83678
40.84841
40.85973
40.87203
40.88402
40.89561
40.90725
40.91858
40.93141
40.94304
40.95453
40.96685
40.97804
40.98967
41.00144
41.01319
41.02428
41.03775
41.04974
41.06039
41.07227
41.08430
41.09669
41.10827
41.12115
41.13353
41.14544
41.15649
41.16954
41.18196
41.19396
41.20619
41.21783
41.23101
41.24331
41.25555
41.26813
41.28090
41.29346
41.30596
41.31817
41.33027
41.34345
41.35630
41.36925
41.38229
41.39520
41.40828
41.42132
41.43326
41.44584
41.45846
41.47066
41.48419
41.49811
41.51045
41.52367
41.53701
41.54983
41.56338
41.57734
41.59068
41.60367
41.61660
41.62933
41.64233
41.65672
41.67038
41.68466
41.69931
41.71346
41.73321
41.74598
41.75974
41.77306
41.78632
41.79970
41.82056
41.83437
41.84807
41.86128
41.87639
41.89057
41.90598
41.92039
41.93360
41.94768
41.96279
41.97721
41.99197
42.00768
42.02307
42.03757
42.05390
42.06939
42.08524
42.09963
42.11642
42.13141
42.14479
42.15938
42.17508
42.19773
42.21149
42.22722
42.24286
42.25806
42.27433
42.29226
42.30943
42.32589
42.34177
42.35782
42.37212
42.39556
42.41891
42.43501
42.45324
42.47657
42.50082
42.52325
42.54884
42.57253
42.59760
42.62438
42.64902
42.67474
42.69776
42.72550
42.75450
42.77326
42.80258
42.82131
42.83750
42.86415
42.89465
42.92337
42.96160
42.99846
43.02795
43.06344
43.10548
43.13628
43.18628
43.26478
43.32323

